#NDIM
2
#PRIM
12.0 0.0 0.0
0.0 12.0 0.0
0.0 0.0 2.0
#SUPER
1 0
0 1
#ORB
s0  0.0   0.0  0.0
s1  1.0   0.0  0.0
s2  2.0   0.0  0.0
s3  3.0   0.0  0.0
s4  4.0   0.0  0.0
s5  5.0   0.0  0.0
s6  6.0   0.0  0.0
s7  7.0   0.0  0.0
s8  8.0   0.0  0.0
s9  9.0   0.0  0.0
s10 10.0   0.0  0.0
s11 11.0   0.0  0.0
s12  0.0   1.0  0.0
s13  1.0   1.0  0.0
s14  2.0   1.0  0.0
s15  3.0   1.0  0.0
s16  4.0   1.0  0.0
s17  5.0   1.0  0.0
s18  6.0   1.0  0.0
s19  7.0   1.0  0.0
s20  8.0   1.0  0.0
s21  9.0   1.0  0.0
s22 10.0   1.0  0.0
s23 11.0   1.0  0.0
s24  0.0   2.0  0.0
s25  1.0   2.0  0.0
s26  2.0   2.0  0.0
s27  3.0   2.0  0.0
s28  4.0   2.0  0.0
s29  5.0   2.0  0.0
s30  6.0   2.0  0.0
s31  7.0   2.0  0.0
s32  8.0   2.0  0.0
s33  9.0   2.0  0.0
s34 10.0   2.0  0.0
s35 11.0   2.0  0.0
s36  0.0   3.0  0.0
s37  1.0   3.0  0.0
s38  2.0   3.0  0.0
s39  3.0   3.0  0.0
s40  4.0   3.0  0.0
s41  5.0   3.0  0.0
s42  6.0   3.0  0.0
s43  7.0   3.0  0.0
s44  8.0   3.0  0.0
s45  9.0   3.0  0.0
s46 10.0   3.0  0.0
s47 11.0   3.0  0.0
s48  0.0   4.0  0.0
s49  1.0   4.0  0.0
s50  2.0   4.0  0.0
s51  3.0   4.0  0.0
s52  4.0   4.0  0.0
s53  5.0   4.0  0.0
s54  6.0   4.0  0.0
s55  7.0   4.0  0.0
s56  8.0   4.0  0.0
s57  9.0   4.0  0.0
s58 10.0   4.0  0.0
s59 11.0   4.0  0.0
s60  0.0   5.0  0.0
s61  1.0   5.0  0.0
s62  2.0   5.0  0.0
s63  3.0   5.0  0.0
s64  4.0   5.0  0.0
s65  5.0   5.0  0.0
s66  6.0   5.0  0.0
s67  7.0   5.0  0.0
s68  8.0   5.0  0.0
s69  9.0   5.0  0.0
s70 10.0   5.0  0.0
s71 11.0   5.0  0.0
s72  0.0   6.0  0.0
s73  1.0   6.0  0.0
s74  2.0   6.0  0.0
s75  3.0   6.0  0.0
s76  4.0   6.0  0.0
s77  5.0   6.0  0.0
s78  6.0   6.0  0.0
s79  7.0   6.0  0.0
s80  8.0   6.0  0.0
s81  9.0   6.0  0.0
s82 10.0   6.0  0.0
s83 11.0   6.0  0.0
s84  0.0   7.0  0.0
s85  1.0   7.0  0.0
s86  2.0   7.0  0.0
s87  3.0   7.0  0.0
s88  4.0   7.0  0.0
s89  5.0   7.0  0.0
s90  6.0   7.0  0.0
s91  7.0   7.0  0.0
s92  8.0   7.0  0.0
s93  9.0   7.0  0.0
s94 10.0   7.0  0.0
s95 11.0   7.0  0.0
s96  0.0   8.0  0.0
s97  1.0   8.0  0.0
s98  2.0   8.0  0.0
s99  3.0   8.0  0.0
s100  4.0   8.0  0.0
s101  5.0   8.0  0.0
s102  6.0   8.0  0.0
s103  7.0   8.0  0.0
s104  8.0   8.0  0.0
s105  9.0   8.0  0.0
s106 10.0   8.0  0.0
s107 11.0   8.0  0.0
s108  0.0   9.0  0.0
s109  1.0   9.0  0.0
s110  2.0   9.0  0.0
s111  3.0   9.0  0.0
s112  4.0   9.0  0.0
s113  5.0   9.0  0.0
s114  6.0   9.0  0.0
s115  7.0   9.0  0.0
s116  8.0   9.0  0.0
s117  9.0   9.0  0.0
s118 10.0   9.0  0.0
s119 11.0   9.0  0.0
s120  0.0  10.0  0.0
s121  1.0  10.0  0.0
s122  2.0  10.0  0.0
s123  3.0  10.0  0.0
s124  4.0  10.0  0.0
s125  5.0  10.0  0.0
s126  6.0  10.0  0.0
s127  7.0  10.0  0.0
s128  8.0  10.0  0.0
s129  9.0  10.0  0.0
s130 10.0  10.0  0.0
s131 11.0  10.0  0.0
s132  0.0  11.0  0.0
s133  1.0  11.0  0.0
s134  2.0  11.0  0.0
s135  3.0  11.0  0.0
s136  4.0  11.0  0.0
s137  5.0  11.0  0.0
s138  6.0  11.0  0.0
s139  7.0  11.0  0.0
s140  8.0  11.0  0.0
s141  9.0  11.0  0.0
s142 10.0  11.0  0.0
s143 11.0  11.0  0.0
s144  6.0   6.0  1.0
s145  5.0   5.0  1.0
s146  6.0   5.0  1.0
s147  5.0   6.0  1.0
s148  7.0   6.0  1.0
s149  6.0   7.0  1.0
s150  7.0   7.0  1.0
s151  4.0   4.0  1.0
s152  5.0   4.0  1.0
s153  6.0   4.0  1.0
s154  4.0   5.0  1.0
s155  7.0   5.0  1.0
s156  4.0   6.0  1.0
s157  8.0   6.0  1.0
s158  5.0   7.0  1.0
s159  8.0   7.0  1.0
s160  6.0   8.0  1.0
s161  7.0   8.0  1.0
s162  8.0   8.0  1.0
#HAMILT            tup  tdn  U
0 1  1.0 0.0 0.0  1.0  1.0  0.0
1 2  1.0 0.0 0.0  1.0  1.0  0.0
2 3  1.0 0.0 0.0  1.0  1.0  0.0
3 4  1.0 0.0 0.0  1.0  1.0  0.0
4 5  1.0 0.0 0.0  1.0  1.0  0.0
5 6  1.0 0.0 0.0  1.0  1.0  0.0
6 7  1.0 0.0 0.0  1.0  1.0  0.0
7 8  1.0 0.0 0.0  1.0  1.0  0.0
8 9  1.0 0.0 0.0  1.0  1.0  0.0
9 10  1.0 0.0 0.0  1.0  1.0  0.0
10 11  1.0 0.0 0.0  1.0  1.0  0.0
11  0  1.0 0.0 0.0  1.0  1.0  0.0
12 13  1.0 0.0 0.0  1.0  1.0  0.0
13 14  1.0 0.0 0.0  1.0  1.0  0.0
14 15  1.0 0.0 0.0  1.0  1.0  0.0
15 16  1.0 0.0 0.0  1.0  1.0  0.0
16 17  1.0 0.0 0.0  1.0  1.0  0.0
17 18  1.0 0.0 0.0  1.0  1.0  0.0
18 19  1.0 0.0 0.0  1.0  1.0  0.0
19 20  1.0 0.0 0.0  1.0  1.0  0.0
20 21  1.0 0.0 0.0  1.0  1.0  0.0
21 22  1.0 0.0 0.0  1.0  1.0  0.0
22 23  1.0 0.0 0.0  1.0  1.0  0.0
23 12  1.0 0.0 0.0  1.0  1.0  0.0
24 25  1.0 0.0 0.0  1.0  1.0  0.0
25 26  1.0 0.0 0.0  1.0  1.0  0.0
26 27  1.0 0.0 0.0  1.0  1.0  0.0
27 28  1.0 0.0 0.0  1.0  1.0  0.0
28 29  1.0 0.0 0.0  1.0  1.0  0.0
29 30  1.0 0.0 0.0  1.0  1.0  0.0
30 31  1.0 0.0 0.0  1.0  1.0  0.0
31 32  1.0 0.0 0.0  1.0  1.0  0.0
32 33  1.0 0.0 0.0  1.0  1.0  0.0
33 34  1.0 0.0 0.0  1.0  1.0  0.0
34 35  1.0 0.0 0.0  1.0  1.0  0.0
35 24  1.0 0.0 0.0  1.0  1.0  0.0
36 37  1.0 0.0 0.0  1.0  1.0  0.0
37 38  1.0 0.0 0.0  1.0  1.0  0.0
38 39  1.0 0.0 0.0  1.0  1.0  0.0
39 40  1.0 0.0 0.0  1.0  1.0  0.0
40 41  1.0 0.0 0.0  1.0  1.0  0.0
41 42  1.0 0.0 0.0  1.0  1.0  0.0
42 43  1.0 0.0 0.0  1.0  1.0  0.0
43 44  1.0 0.0 0.0  1.0  1.0  0.0
44 45  1.0 0.0 0.0  1.0  1.0  0.0
45 46  1.0 0.0 0.0  1.0  1.0  0.0
46 47  1.0 0.0 0.0  1.0  1.0  0.0
47 36  1.0 0.0 0.0  1.0  1.0  0.0
48 49  1.0 0.0 0.0  1.0  1.0  0.0
49 50  1.0 0.0 0.0  1.0  1.0  0.0
50 51  1.0 0.0 0.0  1.0  1.0  0.0
51 52  1.0 0.0 0.0  1.0  1.0  0.0
52 53  1.0 0.0 0.0  1.0  1.0  0.0
53 54  1.0 0.0 0.0  1.0  1.0  0.0
54 55  1.0 0.0 0.0  1.0  1.0  0.0
55 56  1.0 0.0 0.0  1.0  1.0  0.0
56 57  1.0 0.0 0.0  1.0  1.0  0.0
57 58  1.0 0.0 0.0  1.0  1.0  0.0
58 59  1.0 0.0 0.0  1.0  1.0  0.0
59 48  1.0 0.0 0.0  1.0  1.0  0.0
60 61  1.0 0.0 0.0  1.0  1.0  0.0
61 62  1.0 0.0 0.0  1.0  1.0  0.0
62 63  1.0 0.0 0.0  1.0  1.0  0.0
63 64  1.0 0.0 0.0  1.0  1.0  0.0
64 65  1.0 0.0 0.0  1.0  1.0  0.0
65 66  1.0 0.0 0.0  1.0  1.0  0.0
66 67  1.0 0.0 0.0  1.0  1.0  0.0
67 68  1.0 0.0 0.0  1.0  1.0  0.0
68 69  1.0 0.0 0.0  1.0  1.0  0.0
69 70  1.0 0.0 0.0  1.0  1.0  0.0
70 71  1.0 0.0 0.0  1.0  1.0  0.0
71 60  1.0 0.0 0.0  1.0  1.0  0.0
72 73  1.0 0.0 0.0  1.0  1.0  0.0
73 74  1.0 0.0 0.0  1.0  1.0  0.0
74 75  1.0 0.0 0.0  1.0  1.0  0.0
75 76  1.0 0.0 0.0  1.0  1.0  0.0
76 77  1.0 0.0 0.0  1.0  1.0  0.0
77 78  1.0 0.0 0.0  1.0  1.0  0.0
78 79  1.0 0.0 0.0  1.0  1.0  0.0
79 80  1.0 0.0 0.0  1.0  1.0  0.0
80 81  1.0 0.0 0.0  1.0  1.0  0.0
81 82  1.0 0.0 0.0  1.0  1.0  0.0
82 83  1.0 0.0 0.0  1.0  1.0  0.0
83 72  1.0 0.0 0.0  1.0  1.0  0.0
84 85  1.0 0.0 0.0  1.0  1.0  0.0
85 86  1.0 0.0 0.0  1.0  1.0  0.0
86 87  1.0 0.0 0.0  1.0  1.0  0.0
87 88  1.0 0.0 0.0  1.0  1.0  0.0
88 89  1.0 0.0 0.0  1.0  1.0  0.0
89 90  1.0 0.0 0.0  1.0  1.0  0.0
90 91  1.0 0.0 0.0  1.0  1.0  0.0
91 92  1.0 0.0 0.0  1.0  1.0  0.0
92 93  1.0 0.0 0.0  1.0  1.0  0.0
93 94  1.0 0.0 0.0  1.0  1.0  0.0
94 95  1.0 0.0 0.0  1.0  1.0  0.0
95 84  1.0 0.0 0.0  1.0  1.0  0.0
96 97  1.0 0.0 0.0  1.0  1.0  0.0
97 98  1.0 0.0 0.0  1.0  1.0  0.0
98 99  1.0 0.0 0.0  1.0  1.0  0.0
99 100  1.0 0.0 0.0  1.0  1.0  0.0
100 101  1.0 0.0 0.0  1.0  1.0  0.0
101 102  1.0 0.0 0.0  1.0  1.0  0.0
102 103  1.0 0.0 0.0  1.0  1.0  0.0
103 104  1.0 0.0 0.0  1.0  1.0  0.0
104 105  1.0 0.0 0.0  1.0  1.0  0.0
105 106  1.0 0.0 0.0  1.0  1.0  0.0
106 107  1.0 0.0 0.0  1.0  1.0  0.0
107  96  1.0 0.0 0.0  1.0  1.0  0.0
108 109  1.0 0.0 0.0  1.0  1.0  0.0
109 110  1.0 0.0 0.0  1.0  1.0  0.0
110 111  1.0 0.0 0.0  1.0  1.0  0.0
111 112  1.0 0.0 0.0  1.0  1.0  0.0
112 113  1.0 0.0 0.0  1.0  1.0  0.0
113 114  1.0 0.0 0.0  1.0  1.0  0.0
114 115  1.0 0.0 0.0  1.0  1.0  0.0
115 116  1.0 0.0 0.0  1.0  1.0  0.0
116 117  1.0 0.0 0.0  1.0  1.0  0.0
117 118  1.0 0.0 0.0  1.0  1.0  0.0
118 119  1.0 0.0 0.0  1.0  1.0  0.0
119 108  1.0 0.0 0.0  1.0  1.0  0.0
120 121  1.0 0.0 0.0  1.0  1.0  0.0
121 122  1.0 0.0 0.0  1.0  1.0  0.0
122 123  1.0 0.0 0.0  1.0  1.0  0.0
123 124  1.0 0.0 0.0  1.0  1.0  0.0
124 125  1.0 0.0 0.0  1.0  1.0  0.0
125 126  1.0 0.0 0.0  1.0  1.0  0.0
126 127  1.0 0.0 0.0  1.0  1.0  0.0
127 128  1.0 0.0 0.0  1.0  1.0  0.0
128 129  1.0 0.0 0.0  1.0  1.0  0.0
129 130  1.0 0.0 0.0  1.0  1.0  0.0
130 131  1.0 0.0 0.0  1.0  1.0  0.0
131 120  1.0 0.0 0.0  1.0  1.0  0.0
132 133  1.0 0.0 0.0  1.0  1.0  0.0
133 134  1.0 0.0 0.0  1.0  1.0  0.0
134 135  1.0 0.0 0.0  1.0  1.0  0.0
135 136  1.0 0.0 0.0  1.0  1.0  0.0
136 137  1.0 0.0 0.0  1.0  1.0  0.0
137 138  1.0 0.0 0.0  1.0  1.0  0.0
138 139  1.0 0.0 0.0  1.0  1.0  0.0
139 140  1.0 0.0 0.0  1.0  1.0  0.0
140 141  1.0 0.0 0.0  1.0  1.0  0.0
141 142  1.0 0.0 0.0  1.0  1.0  0.0
142 143  1.0 0.0 0.0  1.0  1.0  0.0
143 132  1.0 0.0 0.0  1.0  1.0  0.0
0 12  0.0 1.0 0.0  1.0  1.0  0.0
1 13  0.0 1.0 0.0  1.0  1.0  0.0
2 14  0.0 1.0 0.0  1.0  1.0  0.0
3 15  0.0 1.0 0.0  1.0  1.0  0.0
4 16  0.0 1.0 0.0  1.0  1.0  0.0
5 17  0.0 1.0 0.0  1.0  1.0  0.0
6 18  0.0 1.0 0.0  1.0  1.0  0.0
7 19  0.0 1.0 0.0  1.0  1.0  0.0
8 20  0.0 1.0 0.0  1.0  1.0  0.0
9 21  0.0 1.0 0.0  1.0  1.0  0.0
10 22  0.0 1.0 0.0  1.0  1.0  0.0
11 23  0.0 1.0 0.0  1.0  1.0  0.0
12 24  0.0 1.0 0.0  1.0  1.0  0.0
13 25  0.0 1.0 0.0  1.0  1.0  0.0
14 26  0.0 1.0 0.0  1.0  1.0  0.0
15 27  0.0 1.0 0.0  1.0  1.0  0.0
16 28  0.0 1.0 0.0  1.0  1.0  0.0
17 29  0.0 1.0 0.0  1.0  1.0  0.0
18 30  0.0 1.0 0.0  1.0  1.0  0.0
19 31  0.0 1.0 0.0  1.0  1.0  0.0
20 32  0.0 1.0 0.0  1.0  1.0  0.0
21 33  0.0 1.0 0.0  1.0  1.0  0.0
22 34  0.0 1.0 0.0  1.0  1.0  0.0
23 35  0.0 1.0 0.0  1.0  1.0  0.0
24 36  0.0 1.0 0.0  1.0  1.0  0.0
25 37  0.0 1.0 0.0  1.0  1.0  0.0
26 38  0.0 1.0 0.0  1.0  1.0  0.0
27 39  0.0 1.0 0.0  1.0  1.0  0.0
28 40  0.0 1.0 0.0  1.0  1.0  0.0
29 41  0.0 1.0 0.0  1.0  1.0  0.0
30 42  0.0 1.0 0.0  1.0  1.0  0.0
31 43  0.0 1.0 0.0  1.0  1.0  0.0
32 44  0.0 1.0 0.0  1.0  1.0  0.0
33 45  0.0 1.0 0.0  1.0  1.0  0.0
34 46  0.0 1.0 0.0  1.0  1.0  0.0
35 47  0.0 1.0 0.0  1.0  1.0  0.0
36 48  0.0 1.0 0.0  1.0  1.0  0.0
37 49  0.0 1.0 0.0  1.0  1.0  0.0
38 50  0.0 1.0 0.0  1.0  1.0  0.0
39 51  0.0 1.0 0.0  1.0  1.0  0.0
40 52  0.0 1.0 0.0  1.0  1.0  0.0
41 53  0.0 1.0 0.0  1.0  1.0  0.0
42 54  0.0 1.0 0.0  1.0  1.0  0.0
43 55  0.0 1.0 0.0  1.0  1.0  0.0
44 56  0.0 1.0 0.0  1.0  1.0  0.0
45 57  0.0 1.0 0.0  1.0  1.0  0.0
46 58  0.0 1.0 0.0  1.0  1.0  0.0
47 59  0.0 1.0 0.0  1.0  1.0  0.0
48 60  0.0 1.0 0.0  1.0  1.0  0.0
49 61  0.0 1.0 0.0  1.0  1.0  0.0
50 62  0.0 1.0 0.0  1.0  1.0  0.0
51 63  0.0 1.0 0.0  1.0  1.0  0.0
52 64  0.0 1.0 0.0  1.0  1.0  0.0
53 65  0.0 1.0 0.0  1.0  1.0  0.0
54 66  0.0 1.0 0.0  1.0  1.0  0.0
55 67  0.0 1.0 0.0  1.0  1.0  0.0
56 68  0.0 1.0 0.0  1.0  1.0  0.0
57 69  0.0 1.0 0.0  1.0  1.0  0.0
58 70  0.0 1.0 0.0  1.0  1.0  0.0
59 71  0.0 1.0 0.0  1.0  1.0  0.0
60 72  0.0 1.0 0.0  1.0  1.0  0.0
61 73  0.0 1.0 0.0  1.0  1.0  0.0
62 74  0.0 1.0 0.0  1.0  1.0  0.0
63 75  0.0 1.0 0.0  1.0  1.0  0.0
64 76  0.0 1.0 0.0  1.0  1.0  0.0
65 77  0.0 1.0 0.0  1.0  1.0  0.0
66 78  0.0 1.0 0.0  1.0  1.0  0.0
67 79  0.0 1.0 0.0  1.0  1.0  0.0
68 80  0.0 1.0 0.0  1.0  1.0  0.0
69 81  0.0 1.0 0.0  1.0  1.0  0.0
70 82  0.0 1.0 0.0  1.0  1.0  0.0
71 83  0.0 1.0 0.0  1.0  1.0  0.0
72 84  0.0 1.0 0.0  1.0  1.0  0.0
73 85  0.0 1.0 0.0  1.0  1.0  0.0
74 86  0.0 1.0 0.0  1.0  1.0  0.0
75 87  0.0 1.0 0.0  1.0  1.0  0.0
76 88  0.0 1.0 0.0  1.0  1.0  0.0
77 89  0.0 1.0 0.0  1.0  1.0  0.0
78 90  0.0 1.0 0.0  1.0  1.0  0.0
79 91  0.0 1.0 0.0  1.0  1.0  0.0
80 92  0.0 1.0 0.0  1.0  1.0  0.0
81 93  0.0 1.0 0.0  1.0  1.0  0.0
82 94  0.0 1.0 0.0  1.0  1.0  0.0
83 95  0.0 1.0 0.0  1.0  1.0  0.0
84 96  0.0 1.0 0.0  1.0  1.0  0.0
85 97  0.0 1.0 0.0  1.0  1.0  0.0
86 98  0.0 1.0 0.0  1.0  1.0  0.0
87 99  0.0 1.0 0.0  1.0  1.0  0.0
88 100  0.0 1.0 0.0  1.0  1.0  0.0
 89 101  0.0 1.0 0.0  1.0  1.0  0.0
 90 102  0.0 1.0 0.0  1.0  1.0  0.0
 91 103  0.0 1.0 0.0  1.0  1.0  0.0
 92 104  0.0 1.0 0.0  1.0  1.0  0.0
 93 105  0.0 1.0 0.0  1.0  1.0  0.0
 94 106  0.0 1.0 0.0  1.0  1.0  0.0
 95 107  0.0 1.0 0.0  1.0  1.0  0.0
 96 108  0.0 1.0 0.0  1.0  1.0  0.0
 97 109  0.0 1.0 0.0  1.0  1.0  0.0
 98 110  0.0 1.0 0.0  1.0  1.0  0.0
 99 111  0.0 1.0 0.0  1.0  1.0  0.0
100 112  0.0 1.0 0.0  1.0  1.0  0.0
101 113  0.0 1.0 0.0  1.0  1.0  0.0
102 114  0.0 1.0 0.0  1.0  1.0  0.0
103 115  0.0 1.0 0.0  1.0  1.0  0.0
104 116  0.0 1.0 0.0  1.0  1.0  0.0
105 117  0.0 1.0 0.0  1.0  1.0  0.0
106 118  0.0 1.0 0.0  1.0  1.0  0.0
107 119  0.0 1.0 0.0  1.0  1.0  0.0
108 120  0.0 1.0 0.0  1.0  1.0  0.0
109 121  0.0 1.0 0.0  1.0  1.0  0.0
110 122  0.0 1.0 0.0  1.0  1.0  0.0
111 123  0.0 1.0 0.0  1.0  1.0  0.0
112 124  0.0 1.0 0.0  1.0  1.0  0.0
113 125  0.0 1.0 0.0  1.0  1.0  0.0
114 126  0.0 1.0 0.0  1.0  1.0  0.0
115 127  0.0 1.0 0.0  1.0  1.0  0.0
116 128  0.0 1.0 0.0  1.0  1.0  0.0
117 129  0.0 1.0 0.0  1.0  1.0  0.0
118 130  0.0 1.0 0.0  1.0  1.0  0.0
119 131  0.0 1.0 0.0  1.0  1.0  0.0
120 132  0.0 1.0 0.0  1.0  1.0  0.0
121 133  0.0 1.0 0.0  1.0  1.0  0.0
122 134  0.0 1.0 0.0  1.0  1.0  0.0
123 135  0.0 1.0 0.0  1.0  1.0  0.0
124 136  0.0 1.0 0.0  1.0  1.0  0.0
125 137  0.0 1.0 0.0  1.0  1.0  0.0
126 138  0.0 1.0 0.0  1.0  1.0  0.0
127 139  0.0 1.0 0.0  1.0  1.0  0.0
128 140  0.0 1.0 0.0  1.0  1.0  0.0
129 141  0.0 1.0 0.0  1.0  1.0  0.0
130 142  0.0 1.0 0.0  1.0  1.0  0.0
131 143  0.0 1.0 0.0  1.0  1.0  0.0
132   0  0.0 1.0 0.0  1.0  1.0  0.0
133   1  0.0 1.0 0.0  1.0  1.0  0.0
134   2  0.0 1.0 0.0  1.0  1.0  0.0
135   3  0.0 1.0 0.0  1.0  1.0  0.0
136   4  0.0 1.0 0.0  1.0  1.0  0.0
137   5  0.0 1.0 0.0  1.0  1.0  0.0
138   6  0.0 1.0 0.0  1.0  1.0  0.0
139   7  0.0 1.0 0.0  1.0  1.0  0.0
140   8  0.0 1.0 0.0  1.0  1.0  0.0
141   9  0.0 1.0 0.0  1.0  1.0  0.0
142  10  0.0 1.0 0.0  1.0  1.0  0.0
143  11  0.0 1.0 0.0  1.0  1.0  0.0
0 13  1.0 1.0 0.0  1.0  1.0  0.0
1 14  1.0 1.0 0.0  1.0  1.0  0.0
2 15  1.0 1.0 0.0  1.0  1.0  0.0
3 16  1.0 1.0 0.0  1.0  1.0  0.0
4 17  1.0 1.0 0.0  1.0  1.0  0.0
5 18  1.0 1.0 0.0  1.0  1.0  0.0
6 19  1.0 1.0 0.0  1.0  1.0  0.0
7 20  1.0 1.0 0.0  1.0  1.0  0.0
8 21  1.0 1.0 0.0  1.0  1.0  0.0
9 22  1.0 1.0 0.0  1.0  1.0  0.0
10 23  1.0 1.0 0.0  1.0  1.0  0.0
12 25  1.0 1.0 0.0  1.0  1.0  0.0
13 26  1.0 1.0 0.0  1.0  1.0  0.0
14 27  1.0 1.0 0.0  1.0  1.0  0.0
15 28  1.0 1.0 0.0  1.0  1.0  0.0
16 29  1.0 1.0 0.0  1.0  1.0  0.0
17 30  1.0 1.0 0.0  1.0  1.0  0.0
18 31  1.0 1.0 0.0  1.0  1.0  0.0
19 32  1.0 1.0 0.0  1.0  1.0  0.0
20 33  1.0 1.0 0.0  1.0  1.0  0.0
21 34  1.0 1.0 0.0  1.0  1.0  0.0
22 35  1.0 1.0 0.0  1.0  1.0  0.0
24 37  1.0 1.0 0.0  1.0  1.0  0.0
25 38  1.0 1.0 0.0  1.0  1.0  0.0
26 39  1.0 1.0 0.0  1.0  1.0  0.0
27 40  1.0 1.0 0.0  1.0  1.0  0.0
28 41  1.0 1.0 0.0  1.0  1.0  0.0
29 42  1.0 1.0 0.0  1.0  1.0  0.0
30 43  1.0 1.0 0.0  1.0  1.0  0.0
31 44  1.0 1.0 0.0  1.0  1.0  0.0
32 45  1.0 1.0 0.0  1.0  1.0  0.0
33 46  1.0 1.0 0.0  1.0  1.0  0.0
34 47  1.0 1.0 0.0  1.0  1.0  0.0
36 49  1.0 1.0 0.0  1.0  1.0  0.0
37 50  1.0 1.0 0.0  1.0  1.0  0.0
38 51  1.0 1.0 0.0  1.0  1.0  0.0
39 52  1.0 1.0 0.0  1.0  1.0  0.0
40 53  1.0 1.0 0.0  1.0  1.0  0.0
41 54  1.0 1.0 0.0  1.0  1.0  0.0
42 55  1.0 1.0 0.0  1.0  1.0  0.0
43 56  1.0 1.0 0.0  1.0  1.0  0.0
44 57  1.0 1.0 0.0  1.0  1.0  0.0
45 58  1.0 1.0 0.0  1.0  1.0  0.0
46 59  1.0 1.0 0.0  1.0  1.0  0.0
48 61  1.0 1.0 0.0  1.0  1.0  0.0
49 62  1.0 1.0 0.0  1.0  1.0  0.0
50 63  1.0 1.0 0.0  1.0  1.0  0.0
51 64  1.0 1.0 0.0  1.0  1.0  0.0
52 65  1.0 1.0 0.0  1.0  1.0  0.0
53 66  1.0 1.0 0.0  1.0  1.0  0.0
54 67  1.0 1.0 0.0  1.0  1.0  0.0
55 68  1.0 1.0 0.0  1.0  1.0  0.0
56 69  1.0 1.0 0.0  1.0  1.0  0.0
57 70  1.0 1.0 0.0  1.0  1.0  0.0
58 71  1.0 1.0 0.0  1.0  1.0  0.0
60 73  1.0 1.0 0.0  1.0  1.0  0.0
61 74  1.0 1.0 0.0  1.0  1.0  0.0
62 75  1.0 1.0 0.0  1.0  1.0  0.0
63 76  1.0 1.0 0.0  1.0  1.0  0.0
64 77  1.0 1.0 0.0  1.0  1.0  0.0
65 78  1.0 1.0 0.0  1.0  1.0  0.0
66 79  1.0 1.0 0.0  1.0  1.0  0.0
67 80  1.0 1.0 0.0  1.0  1.0  0.0
68 81  1.0 1.0 0.0  1.0  1.0  0.0
69 82  1.0 1.0 0.0  1.0  1.0  0.0
70 83  1.0 1.0 0.0  1.0  1.0  0.0
72 85  1.0 1.0 0.0  1.0  1.0  0.0
73 86  1.0 1.0 0.0  1.0  1.0  0.0
74 87  1.0 1.0 0.0  1.0  1.0  0.0
75 88  1.0 1.0 0.0  1.0  1.0  0.0
76 89  1.0 1.0 0.0  1.0  1.0  0.0
77 90  1.0 1.0 0.0  1.0  1.0  0.0
78 91  1.0 1.0 0.0  1.0  1.0  0.0
79 92  1.0 1.0 0.0  1.0  1.0  0.0
80 93  1.0 1.0 0.0  1.0  1.0  0.0
81 94  1.0 1.0 0.0  1.0  1.0  0.0
82 95  1.0 1.0 0.0  1.0  1.0  0.0
84 97  1.0 1.0 0.0  1.0  1.0  0.0
85 98  1.0 1.0 0.0  1.0  1.0  0.0
86 99  1.0 1.0 0.0  1.0  1.0  0.0
87 100  1.0 1.0 0.0  1.0  1.0  0.0
88 101  1.0 1.0 0.0  1.0  1.0  0.0
89 102  1.0 1.0 0.0  1.0  1.0  0.0
90 103  1.0 1.0 0.0  1.0  1.0  0.0
91 104  1.0 1.0 0.0  1.0  1.0  0.0
92 105  1.0 1.0 0.0  1.0  1.0  0.0
93 106  1.0 1.0 0.0  1.0  1.0  0.0
94 107  1.0 1.0 0.0  1.0  1.0  0.0
96 109  1.0 1.0 0.0  1.0  1.0  0.0
97 110  1.0 1.0 0.0  1.0  1.0  0.0
98 111  1.0 1.0 0.0  1.0  1.0  0.0
99 112  1.0 1.0 0.0  1.0  1.0  0.0
100 113  1.0 1.0 0.0  1.0  1.0  0.0
101 114  1.0 1.0 0.0  1.0  1.0  0.0
102 115  1.0 1.0 0.0  1.0  1.0  0.0
103 116  1.0 1.0 0.0  1.0  1.0  0.0
104 117  1.0 1.0 0.0  1.0  1.0  0.0
105 118  1.0 1.0 0.0  1.0  1.0  0.0
106 119  1.0 1.0 0.0  1.0  1.0  0.0
108 121  1.0 1.0 0.0  1.0  1.0  0.0
109 122  1.0 1.0 0.0  1.0  1.0  0.0
110 123  1.0 1.0 0.0  1.0  1.0  0.0
111 124  1.0 1.0 0.0  1.0  1.0  0.0
112 125  1.0 1.0 0.0  1.0  1.0  0.0
113 126  1.0 1.0 0.0  1.0  1.0  0.0
114 127  1.0 1.0 0.0  1.0  1.0  0.0
115 128  1.0 1.0 0.0  1.0  1.0  0.0
116 129  1.0 1.0 0.0  1.0  1.0  0.0
117 130  1.0 1.0 0.0  1.0  1.0  0.0
118 131  1.0 1.0 0.0  1.0  1.0  0.0
120 133  1.0 1.0 0.0  1.0  1.0  0.0
121 134  1.0 1.0 0.0  1.0  1.0  0.0
122 135  1.0 1.0 0.0  1.0  1.0  0.0
123 136  1.0 1.0 0.0  1.0  1.0  0.0
124 137  1.0 1.0 0.0  1.0  1.0  0.0
125 138  1.0 1.0 0.0  1.0  1.0  0.0
126 139  1.0 1.0 0.0  1.0  1.0  0.0
127 140  1.0 1.0 0.0  1.0  1.0  0.0
128 141  1.0 1.0 0.0  1.0  1.0  0.0
129 142  1.0 1.0 0.0  1.0  1.0  0.0
130 143  1.0 1.0 0.0  1.0  1.0  0.0
11 12  1.0 1.0 0.0  1.0  1.0  0.0
23 24  1.0 1.0 0.0  1.0  1.0  0.0
35 36  1.0 1.0 0.0  1.0  1.0  0.0
47 48  1.0 1.0 0.0  1.0  1.0  0.0
59 60  1.0 1.0 0.0  1.0  1.0  0.0
71 72  1.0 1.0 0.0  1.0  1.0  0.0
83 84  1.0 1.0 0.0  1.0  1.0  0.0
95 96  1.0 1.0 0.0  1.0  1.0  0.0
107 108  1.0 1.0 0.0  1.0  1.0  0.0
119 120  1.0 1.0 0.0  1.0  1.0  0.0
131 132  1.0 1.0 0.0  1.0  1.0  0.0
132   1  1.0 1.0 0.0  1.0  1.0  0.0
133   2  1.0 1.0 0.0  1.0  1.0  0.0
134   3  1.0 1.0 0.0  1.0  1.0  0.0
135   4  1.0 1.0 0.0  1.0  1.0  0.0
136   5  1.0 1.0 0.0  1.0  1.0  0.0
137   6  1.0 1.0 0.0  1.0  1.0  0.0
138   7  1.0 1.0 0.0  1.0  1.0  0.0
139   8  1.0 1.0 0.0  1.0  1.0  0.0
140   9  1.0 1.0 0.0  1.0  1.0  0.0
141  10  1.0 1.0 0.0  1.0  1.0  0.0
142  11  1.0 1.0 0.0  1.0  1.0  0.0
78 144  0.0 0.0 1.0   1.2   1.2  0.0
65 145  0.0 0.0 1.0   1.2   1.2  0.0
66 146  0.0 0.0 1.0   1.2   1.2  0.0
77 147  0.0 0.0 1.0   1.2   1.2  0.0
79 148  0.0 0.0 1.0   1.2   1.2  0.0
90 149  0.0 0.0 1.0   1.2   1.2  0.0
91 150  0.0 0.0 1.0   1.2   1.2  0.0
52 151  0.0 0.0 1.0   1.2   1.2  0.0
53 152  0.0 0.0 1.0   1.2   1.2  0.0
54 153  0.0 0.0 1.0   1.2   1.2  0.0
64 154  0.0 0.0 1.0   1.2   1.2  0.0
67 155  0.0 0.0 1.0   1.2   1.2  0.0
76 156  0.0 0.0 1.0   1.2   1.2  0.0
80 157  0.0 0.0 1.0   1.2   1.2  0.0
89 158  0.0 0.0 1.0   1.2   1.2  0.0
92 159  0.0 0.0 1.0   1.2   1.2  0.0
102 160  0.0 0.0 1.0   1.2   1.2  0.0
103 161  0.0 0.0 1.0   1.2   1.2  0.0
104 162  0.0 0.0 1.0   1.2   1.2  0.0
0 0  0.0  0.0  0.0   0.0   0.0   0.0
1 1  0.0  0.0  0.0   0.0   0.0   0.0
2 2  0.0  0.0  0.0   0.0   0.0   0.0
3 3  0.0  0.0  0.0   0.0   0.0   0.0
4 4  0.0  0.0  0.0   0.0   0.0   0.0
5 5  0.0  0.0  0.0   0.0   0.0   0.0
6 6  0.0  0.0  0.0   0.0   0.0   0.0
7 7  0.0  0.0  0.0   0.0   0.0   0.0
8 8  0.0  0.0  0.0   0.0   0.0   0.0
9 9  0.0  0.0  0.0   0.0   0.0   0.0
10 10  0.0  0.0  0.0   0.0   0.0   0.0
11 11  0.0  0.0  0.0   0.0   0.0   0.0
12 12  0.0  0.0  0.0   0.0   0.0   0.0
13 13  0.0  0.0  0.0   0.0   0.0   0.0
14 14  0.0  0.0  0.0   0.0   0.0   0.0
15 15  0.0  0.0  0.0   0.0   0.0   0.0
16 16  0.0  0.0  0.0   0.0   0.0   0.0
17 17  0.0  0.0  0.0   0.0   0.0   0.0
18 18  0.0  0.0  0.0   0.0   0.0   0.0
19 19  0.0  0.0  0.0   0.0   0.0   0.0
20 20  0.0  0.0  0.0   0.0   0.0   0.0
21 21  0.0  0.0  0.0   0.0   0.0   0.0
22 22  0.0  0.0  0.0   0.0   0.0   0.0
23 23  0.0  0.0  0.0   0.0   0.0   0.0
24 24  0.0  0.0  0.0   0.0   0.0   0.0
25 25  0.0  0.0  0.0   0.0   0.0   0.0
26 26  0.0  0.0  0.0   0.0   0.0   0.0
27 27  0.0  0.0  0.0   0.0   0.0   0.0
28 28  0.0  0.0  0.0   0.0   0.0   0.0
29 29  0.0  0.0  0.0   0.0   0.0   0.0
30 30  0.0  0.0  0.0   0.0   0.0   0.0
31 31  0.0  0.0  0.0   0.0   0.0   0.0
32 32  0.0  0.0  0.0   0.0   0.0   0.0
33 33  0.0  0.0  0.0   0.0   0.0   0.0
34 34  0.0  0.0  0.0   0.0   0.0   0.0
35 35  0.0  0.0  0.0   0.0   0.0   0.0
36 36  0.0  0.0  0.0   0.0   0.0   0.0
37 37  0.0  0.0  0.0   0.0   0.0   0.0
38 38  0.0  0.0  0.0   0.0   0.0   0.0
39 39  0.0  0.0  0.0   0.0   0.0   0.0
40 40  0.0  0.0  0.0   0.0   0.0   0.0
41 41  0.0  0.0  0.0   0.0   0.0   0.0
42 42  0.0  0.0  0.0   0.0   0.0   0.0
43 43  0.0  0.0  0.0   0.0   0.0   0.0
44 44  0.0  0.0  0.0   0.0   0.0   0.0
45 45  0.0  0.0  0.0   0.0   0.0   0.0
46 46  0.0  0.0  0.0   0.0   0.0   0.0
47 47  0.0  0.0  0.0   0.0   0.0   0.0
48 48  0.0  0.0  0.0   0.0   0.0   0.0
49 49  0.0  0.0  0.0   0.0   0.0   0.0
50 50  0.0  0.0  0.0   0.0   0.0   0.0
51 51  0.0  0.0  0.0   0.0   0.0   0.0
52 52  0.0  0.0  0.0   0.0   0.0   0.0
53 53  0.0  0.0  0.0   0.0   0.0   0.0
54 54  0.0  0.0  0.0   0.0   0.0   0.0
55 55  0.0  0.0  0.0   0.0   0.0   0.0
56 56  0.0  0.0  0.0   0.0   0.0   0.0
57 57  0.0  0.0  0.0   0.0   0.0   0.0
58 58  0.0  0.0  0.0   0.0   0.0   0.0
59 59  0.0  0.0  0.0   0.0   0.0   0.0
60 60  0.0  0.0  0.0   0.0   0.0   0.0
61 61  0.0  0.0  0.0   0.0   0.0   0.0
62 62  0.0  0.0  0.0   0.0   0.0   0.0
63 63  0.0  0.0  0.0   0.0   0.0   0.0
64 64  0.0  0.0  0.0   0.0   0.0   0.0
65 65  0.0  0.0  0.0   0.0   0.0   0.0
66 66  0.0  0.0  0.0   0.0   0.0   0.0
67 67  0.0  0.0  0.0   0.0   0.0   0.0
68 68  0.0  0.0  0.0   0.0   0.0   0.0
69 69  0.0  0.0  0.0   0.0   0.0   0.0
70 70  0.0  0.0  0.0   0.0   0.0   0.0
71 71  0.0  0.0  0.0   0.0   0.0   0.0
72 72  0.0  0.0  0.0   0.0   0.0   0.0
73 73  0.0  0.0  0.0   0.0   0.0   0.0
74 74  0.0  0.0  0.0   0.0   0.0   0.0
75 75  0.0  0.0  0.0   0.0   0.0   0.0
76 76  0.0  0.0  0.0   0.0   0.0   0.0
77 77  0.0  0.0  0.0   0.0   0.0   0.0
78 78  0.0  0.0  0.0   0.0   0.0   0.0
79 79  0.0  0.0  0.0   0.0   0.0   0.0
80 80  0.0  0.0  0.0   0.0   0.0   0.0
81 81  0.0  0.0  0.0   0.0   0.0   0.0
82 82  0.0  0.0  0.0   0.0   0.0   0.0
83 83  0.0  0.0  0.0   0.0   0.0   0.0
84 84  0.0  0.0  0.0   0.0   0.0   0.0
85 85  0.0  0.0  0.0   0.0   0.0   0.0
86 86  0.0  0.0  0.0   0.0   0.0   0.0
87 87  0.0  0.0  0.0   0.0   0.0   0.0
88 88  0.0  0.0  0.0   0.0   0.0   0.0
89 89  0.0  0.0  0.0   0.0   0.0   0.0
90 90  0.0  0.0  0.0   0.0   0.0   0.0
91 91  0.0  0.0  0.0   0.0   0.0   0.0
92 92  0.0  0.0  0.0   0.0   0.0   0.0
93 93  0.0  0.0  0.0   0.0   0.0   0.0
94 94  0.0  0.0  0.0   0.0   0.0   0.0
95 95  0.0  0.0  0.0   0.0   0.0   0.0
96 96  0.0  0.0  0.0   0.0   0.0   0.0
97 97  0.0  0.0  0.0   0.0   0.0   0.0
98 98  0.0  0.0  0.0   0.0   0.0   0.0
99 99  0.0  0.0  0.0   0.0   0.0   0.0
100 100  0.0  0.0  0.0   0.0   0.0   0.0
101 101  0.0  0.0  0.0   0.0   0.0   0.0
102 102  0.0  0.0  0.0   0.0   0.0   0.0
103 103  0.0  0.0  0.0   0.0   0.0   0.0
104 104  0.0  0.0  0.0   0.0   0.0   0.0
105 105  0.0  0.0  0.0   0.0   0.0   0.0
106 106  0.0  0.0  0.0   0.0   0.0   0.0
107 107  0.0  0.0  0.0   0.0   0.0   0.0
108 108  0.0  0.0  0.0   0.0   0.0   0.0
109 109  0.0  0.0  0.0   0.0   0.0   0.0
110 110  0.0  0.0  0.0   0.0   0.0   0.0
111 111  0.0  0.0  0.0   0.0   0.0   0.0
112 112  0.0  0.0  0.0   0.0   0.0   0.0
113 113  0.0  0.0  0.0   0.0   0.0   0.0
114 114  0.0  0.0  0.0   0.0   0.0   0.0
115 115  0.0  0.0  0.0   0.0   0.0   0.0
116 116  0.0  0.0  0.0   0.0   0.0   0.0
117 117  0.0  0.0  0.0   0.0   0.0   0.0
118 118  0.0  0.0  0.0   0.0   0.0   0.0
119 119  0.0  0.0  0.0   0.0   0.0   0.0
120 120  0.0  0.0  0.0   0.0   0.0   0.0
121 121  0.0  0.0  0.0   0.0   0.0   0.0
122 122  0.0  0.0  0.0   0.0   0.0   0.0
123 123  0.0  0.0  0.0   0.0   0.0   0.0
124 124  0.0  0.0  0.0   0.0   0.0   0.0
125 125  0.0  0.0  0.0   0.0   0.0   0.0
126 126  0.0  0.0  0.0   0.0   0.0   0.0
127 127  0.0  0.0  0.0   0.0   0.0   0.0
128 128  0.0  0.0  0.0   0.0   0.0   0.0
129 129  0.0  0.0  0.0   0.0   0.0   0.0
130 130  0.0  0.0  0.0   0.0   0.0   0.0
131 131  0.0  0.0  0.0   0.0   0.0   0.0
132 132  0.0  0.0  0.0   0.0   0.0   0.0
133 133  0.0  0.0  0.0   0.0   0.0   0.0
134 134  0.0  0.0  0.0   0.0   0.0   0.0
135 135  0.0  0.0  0.0   0.0   0.0   0.0
136 136  0.0  0.0  0.0   0.0   0.0   0.0
137 137  0.0  0.0  0.0   0.0   0.0   0.0
138 138  0.0  0.0  0.0   0.0   0.0   0.0
139 139  0.0  0.0  0.0   0.0   0.0   0.0
140 140  0.0  0.0  0.0   0.0   0.0   0.0
141 141  0.0  0.0  0.0   0.0   0.0   0.0
142 142  0.0  0.0  0.0   0.0   0.0   0.0
143 143  0.0  0.0  0.0   0.0   0.0   0.0
144 144  0.0  0.0  0.0   0.0   0.0   4.0
145 145  0.0  0.0  0.0   0.0   0.0   4.0
146 146  0.0  0.0  0.0   0.0   0.0   4.0
147 147  0.0  0.0  0.0   0.0   0.0   4.0
148 148  0.0  0.0  0.0   0.0   0.0   4.0
149 149  0.0  0.0  0.0   0.0   0.0   4.0
150 150  0.0  0.0  0.0   0.0   0.0   4.0
151 151  0.0  0.0  0.0   0.0   0.0   4.0
152 152  0.0  0.0  0.0   0.0   0.0   4.0
153 153  0.0  0.0  0.0   0.0   0.0   4.0
154 154  0.0  0.0  0.0   0.0   0.0   4.0
155 155  0.0  0.0  0.0   0.0   0.0   4.0
156 156  0.0  0.0  0.0   0.0   0.0   4.0
157 157  0.0  0.0  0.0   0.0   0.0   4.0
158 158  0.0  0.0  0.0   0.0   0.0   4.0
159 159  0.0  0.0  0.0   0.0   0.0   4.0
160 160  0.0  0.0  0.0   0.0   0.0   4.0
161 161  0.0  0.0  0.0   0.0   0.0   4.0
162 162  0.0  0.0  0.0   0.0   0.0   4.0
#SYMM
d   6.0   6.0  0.0d0 1.0d0 0.0d0 0.0d0
d   6.0   6.0  0.0d0 0.0d0 1.0d0 0.0d0
d   6.0   6.0  0.0d0 1.0d0 1.0d0 0.0d0
d   6.0   6.0 0.0d0 -1.0d0 1.0d0 0.0d0
d   6.0   6.0  1.0d0 1.0d0 0.0d0 0.0d0
d   6.0   6.0  1.0d0 0.0d0 1.0d0 0.0d0
d   6.0   6.0  1.0d0 1.0d0 1.0d0 0.0d0
d   6.0   6.0 1.0d0 -1.0d0 1.0d0 0.0d0
#END
