#NDIM
2
#PRIM
6.0 0.0 0.0
0.0 6.0 0.0
0.0 0.0 1.0
#SUPER
1 0
0 1
#ORB
s0  0.0   0.0  0.0
s1  1.0   0.0  0.0
s2  2.0   0.0  0.0
s3  3.0   0.0  0.0
s4  4.0   0.0  0.0
s5  5.0   0.0  0.0
s6  0.0   1.0  0.0
s7  1.0   1.0  0.0
s8  2.0   1.0  0.0
s9  3.0   1.0  0.0
s10  4.0   1.0  0.0
s11  5.0   1.0  0.0
s12  0.0   2.0  0.0
s13  1.0   2.0  0.0
s14  2.0   2.0  0.0
s15  3.0   2.0  0.0
s16  4.0   2.0  0.0
s17  5.0   2.0  0.0
s18  0.0   3.0  0.0
s19  1.0   3.0  0.0
s20  2.0   3.0  0.0
s21  3.0   3.0  0.0
s22  4.0   3.0  0.0
s23  5.0   3.0  0.0
s24  0.0   4.0  0.0
s25  1.0   4.0  0.0
s26  2.0   4.0  0.0
s27  3.0   4.0  0.0
s28  4.0   4.0  0.0
s29  5.0   4.0  0.0
s30  0.0   5.0  0.0
s31  1.0   5.0  0.0
s32  2.0   5.0  0.0
s33  3.0   5.0  0.0
s34  4.0   5.0  0.0
s35  5.0   5.0  0.0
#HAMILT            tup  tdn  U
0 1  1.0 0.0 0.0  1.0  1.0  0.0
1 2  1.0 0.0 0.0  1.0  1.0  0.0
2 3  1.0 0.0 0.0  1.0  1.0  0.0
3 4  1.0 0.0 0.0  1.0  1.0  0.0
4 5  1.0 0.0 0.0  1.0  1.0  0.0
5 0  1.0 0.0 0.0  1.0  1.0  0.0
6 7  1.0 0.0 0.0  1.0  1.0  0.0
7 8  1.0 0.0 0.0  1.0  1.0  0.0
8 9  1.0 0.0 0.0  1.0  1.0  0.0
9 10  1.0 0.0 0.0  1.0  1.0  0.0
10 11  1.0 0.0 0.0  1.0  1.0  0.0
11  6  1.0 0.0 0.0  1.0  1.0  0.0
12 13  1.0 0.0 0.0  1.0  1.0  0.0
13 14  1.0 0.0 0.0  1.0  1.0  0.0
14 15  1.0 0.0 0.0  1.0  1.0  0.0
15 16  1.0 0.0 0.0  1.0  1.0  0.0
16 17  1.0 0.0 0.0  1.0  1.0  0.0
17 12  1.0 0.0 0.0  1.0  1.0  0.0
18 19  1.0 0.0 0.0  1.0  1.0  0.0
19 20  1.0 0.0 0.0  1.0  1.0  0.0
20 21  1.0 0.0 0.0  1.0  1.0  0.0
21 22  1.0 0.0 0.0  1.0  1.0  0.0
22 23  1.0 0.0 0.0  1.0  1.0  0.0
23 18  1.0 0.0 0.0  1.0  1.0  0.0
24 25  1.0 0.0 0.0  1.0  1.0  0.0
25 26  1.0 0.0 0.0  1.0  1.0  0.0
26 27  1.0 0.0 0.0  1.0  1.0  0.0
27 28  1.0 0.0 0.0  1.0  1.0  0.0
28 29  1.0 0.0 0.0  1.0  1.0  0.0
29 24  1.0 0.0 0.0  1.0  1.0  0.0
30 31  1.0 0.0 0.0  1.0  1.0  0.0
31 32  1.0 0.0 0.0  1.0  1.0  0.0
32 33  1.0 0.0 0.0  1.0  1.0  0.0
33 34  1.0 0.0 0.0  1.0  1.0  0.0
34 35  1.0 0.0 0.0  1.0  1.0  0.0
35 30  1.0 0.0 0.0  1.0  1.0  0.0
0 6  0.0 1.0 0.0  1.0  1.0  0.0
1 7  0.0 1.0 0.0  1.0  1.0  0.0
2 8  0.0 1.0 0.0  1.0  1.0  0.0
3 9  0.0 1.0 0.0  1.0  1.0  0.0
4 10  0.0 1.0 0.0  1.0  1.0  0.0
5 11  0.0 1.0 0.0  1.0  1.0  0.0
6 12  0.0 1.0 0.0  1.0  1.0  0.0
7 13  0.0 1.0 0.0  1.0  1.0  0.0
8 14  0.0 1.0 0.0  1.0  1.0  0.0
9 15  0.0 1.0 0.0  1.0  1.0  0.0
10 16  0.0 1.0 0.0  1.0  1.0  0.0
11 17  0.0 1.0 0.0  1.0  1.0  0.0
12 18  0.0 1.0 0.0  1.0  1.0  0.0
13 19  0.0 1.0 0.0  1.0  1.0  0.0
14 20  0.0 1.0 0.0  1.0  1.0  0.0
15 21  0.0 1.0 0.0  1.0  1.0  0.0
16 22  0.0 1.0 0.0  1.0  1.0  0.0
17 23  0.0 1.0 0.0  1.0  1.0  0.0
18 24  0.0 1.0 0.0  1.0  1.0  0.0
19 25  0.0 1.0 0.0  1.0  1.0  0.0
20 26  0.0 1.0 0.0  1.0  1.0  0.0
21 27  0.0 1.0 0.0  1.0  1.0  0.0
22 28  0.0 1.0 0.0  1.0  1.0  0.0
23 29  0.0 1.0 0.0  1.0  1.0  0.0
24 30  0.0 1.0 0.0  1.0  1.0  0.0
25 31  0.0 1.0 0.0  1.0  1.0  0.0
26 32  0.0 1.0 0.0  1.0  1.0  0.0
27 33  0.0 1.0 0.0  1.0  1.0  0.0
28 34  0.0 1.0 0.0  1.0  1.0  0.0
29 35  0.0 1.0 0.0  1.0  1.0  0.0
30  0  0.0 1.0 0.0  1.0  1.0  0.0
31  1  0.0 1.0 0.0  1.0  1.0  0.0
32  2  0.0 1.0 0.0  1.0  1.0  0.0
33  3  0.0 1.0 0.0  1.0  1.0  0.0
34  4  0.0 1.0 0.0  1.0  1.0  0.0
35  5  0.0 1.0 0.0  1.0  1.0  0.0
0 0  0.0  0.0  0.0   0.5   0.5   1.0
1 1  0.0  0.0  0.0  -0.5  -0.5   1.0
2 2  0.0  0.0  0.0   0.5   0.5   1.0
3 3  0.0  0.0  0.0  -0.5  -0.5   1.0
4 4  0.0  0.0  0.0   0.5   0.5   1.0
5 5  0.0  0.0  0.0  -0.5  -0.5   1.0
6 6  0.0  0.0  0.0  -0.5  -0.5   1.0
7 7  0.0  0.0  0.0   0.5   0.5   1.0
8 8  0.0  0.0  0.0  -0.5  -0.5   1.0
9 9  0.0  0.0  0.0   0.5   0.5   1.0
10 10  0.0  0.0  0.0  -0.5  -0.5   1.0
11 11  0.0  0.0  0.0   0.5   0.5   1.0
12 12  0.0  0.0  0.0   0.5   0.5   1.0
13 13  0.0  0.0  0.0  -0.5  -0.5   1.0
14 14  0.0  0.0  0.0   0.5   0.5   1.0
15 15  0.0  0.0  0.0  -0.5  -0.5   1.0
16 16  0.0  0.0  0.0   0.5   0.5   1.0
17 17  0.0  0.0  0.0  -0.5  -0.5   1.0
18 18  0.0  0.0  0.0  -0.5  -0.5   1.0
19 19  0.0  0.0  0.0   0.5   0.5   1.0
20 20  0.0  0.0  0.0  -0.5  -0.5   1.0
21 21  0.0  0.0  0.0   0.5   0.5   1.0
22 22  0.0  0.0  0.0  -0.5  -0.5   1.0
23 23  0.0  0.0  0.0   0.5   0.5   1.0
24 24  0.0  0.0  0.0   0.5   0.5   1.0
25 25  0.0  0.0  0.0  -0.5  -0.5   1.0
26 26  0.0  0.0  0.0   0.5   0.5   1.0
27 27  0.0  0.0  0.0  -0.5  -0.5   1.0
28 28  0.0  0.0  0.0   0.5   0.5   1.0
29 29  0.0  0.0  0.0  -0.5  -0.5   1.0
30 30  0.0  0.0  0.0  -0.5  -0.5   1.0
31 31  0.0  0.0  0.0   0.5   0.5   1.0
32 32  0.0  0.0  0.0  -0.5  -0.5   1.0
33 33  0.0  0.0  0.0   0.5   0.5   1.0
34 34  0.0  0.0  0.0  -0.5  -0.5   1.0
35 35  0.0  0.0  0.0   0.5   0.5   1.0
#SYMM
d  0.0  0.0  0.0 1.0d0 0.0d0 0.0d0
d  0.0  0.0  0.0 0.0d0 1.0d0 0.0d0
d  1.0  0.0  0.0 1.0d0 0.0d0 0.0d0
d  1.0  0.0  0.0 0.0d0 1.0d0 0.0d0
d  2.0  0.0  0.0 1.0d0 0.0d0 0.0d0
d  2.0  0.0  0.0 0.0d0 1.0d0 0.0d0
d  3.0  0.0  0.0 1.0d0 0.0d0 0.0d0
d  3.0  0.0  0.0 0.0d0 1.0d0 0.0d0
d  4.0  0.0  0.0 1.0d0 0.0d0 0.0d0
d  4.0  0.0  0.0 0.0d0 1.0d0 0.0d0
d  5.0  0.0  0.0 1.0d0 0.0d0 0.0d0
d  5.0  0.0  0.0 0.0d0 1.0d0 0.0d0
d  0.0  1.0  0.0 1.0d0 0.0d0 0.0d0
d  0.0  1.0  0.0 0.0d0 1.0d0 0.0d0
d  1.0  1.0  0.0 1.0d0 0.0d0 0.0d0
d  1.0  1.0  0.0 0.0d0 1.0d0 0.0d0
d  2.0  1.0  0.0 1.0d0 0.0d0 0.0d0
d  2.0  1.0  0.0 0.0d0 1.0d0 0.0d0
d  3.0  1.0  0.0 1.0d0 0.0d0 0.0d0
d  3.0  1.0  0.0 0.0d0 1.0d0 0.0d0
d  4.0  1.0  0.0 1.0d0 0.0d0 0.0d0
d  4.0  1.0  0.0 0.0d0 1.0d0 0.0d0
d  5.0  1.0  0.0 1.0d0 0.0d0 0.0d0
d  5.0  1.0  0.0 0.0d0 1.0d0 0.0d0
d  0.0  2.0  0.0 1.0d0 0.0d0 0.0d0
d  0.0  2.0  0.0 0.0d0 1.0d0 0.0d0
d  1.0  2.0  0.0 1.0d0 0.0d0 0.0d0
d  1.0  2.0  0.0 0.0d0 1.0d0 0.0d0
d  2.0  2.0  0.0 1.0d0 0.0d0 0.0d0
d  2.0  2.0  0.0 0.0d0 1.0d0 0.0d0
d  3.0  2.0  0.0 1.0d0 0.0d0 0.0d0
d  3.0  2.0  0.0 0.0d0 1.0d0 0.0d0
d  4.0  2.0  0.0 1.0d0 0.0d0 0.0d0
d  4.0  2.0  0.0 0.0d0 1.0d0 0.0d0
d  5.0  2.0  0.0 1.0d0 0.0d0 0.0d0
d  5.0  2.0  0.0 0.0d0 1.0d0 0.0d0
d  0.0  3.0  0.0 1.0d0 0.0d0 0.0d0
d  0.0  3.0  0.0 0.0d0 1.0d0 0.0d0
d  1.0  3.0  0.0 1.0d0 0.0d0 0.0d0
d  1.0  3.0  0.0 0.0d0 1.0d0 0.0d0
d  2.0  3.0  0.0 1.0d0 0.0d0 0.0d0
d  2.0  3.0  0.0 0.0d0 1.0d0 0.0d0
d  3.0  3.0  0.0 1.0d0 0.0d0 0.0d0
d  3.0  3.0  0.0 0.0d0 1.0d0 0.0d0
d  4.0  3.0  0.0 1.0d0 0.0d0 0.0d0
d  4.0  3.0  0.0 0.0d0 1.0d0 0.0d0
d  5.0  3.0  0.0 1.0d0 0.0d0 0.0d0
d  5.0  3.0  0.0 0.0d0 1.0d0 0.0d0
d  0.0  4.0  0.0 1.0d0 0.0d0 0.0d0
d  0.0  4.0  0.0 0.0d0 1.0d0 0.0d0
d  1.0  4.0  0.0 1.0d0 0.0d0 0.0d0
d  1.0  4.0  0.0 0.0d0 1.0d0 0.0d0
d  2.0  4.0  0.0 1.0d0 0.0d0 0.0d0
d  2.0  4.0  0.0 0.0d0 1.0d0 0.0d0
d  3.0  4.0  0.0 1.0d0 0.0d0 0.0d0
d  3.0  4.0  0.0 0.0d0 1.0d0 0.0d0
d  4.0  4.0  0.0 1.0d0 0.0d0 0.0d0
d  4.0  4.0  0.0 0.0d0 1.0d0 0.0d0
d  5.0  4.0  0.0 1.0d0 0.0d0 0.0d0
d  5.0  4.0  0.0 0.0d0 1.0d0 0.0d0
d  0.0  5.0  0.0 1.0d0 0.0d0 0.0d0
d  0.0  5.0  0.0 0.0d0 1.0d0 0.0d0
d  1.0  5.0  0.0 1.0d0 0.0d0 0.0d0
d  1.0  5.0  0.0 0.0d0 1.0d0 0.0d0
d  2.0  5.0  0.0 1.0d0 0.0d0 0.0d0
d  2.0  5.0  0.0 0.0d0 1.0d0 0.0d0
d  3.0  5.0  0.0 1.0d0 0.0d0 0.0d0
d  3.0  5.0  0.0 0.0d0 1.0d0 0.0d0
d  4.0  5.0  0.0 1.0d0 0.0d0 0.0d0
d  4.0  5.0  0.0 0.0d0 1.0d0 0.0d0
d  5.0  5.0  0.0 1.0d0 0.0d0 0.0d0
d  5.0  5.0  0.0 0.0d0 1.0d0 0.0d0
c4  0.0  0.0  0.0 0.0d0 0.0d0 1.0d0
c4  1.0  0.0  0.0 0.0d0 0.0d0 1.0d0
c4  2.0  0.0  0.0 0.0d0 0.0d0 1.0d0
c4  3.0  0.0  0.0 0.0d0 0.0d0 1.0d0
c4  4.0  0.0  0.0 0.0d0 0.0d0 1.0d0
c4  5.0  0.0  0.0 0.0d0 0.0d0 1.0d0
c4  0.0  1.0  0.0 0.0d0 0.0d0 1.0d0
c4  1.0  1.0  0.0 0.0d0 0.0d0 1.0d0
c4  2.0  1.0  0.0 0.0d0 0.0d0 1.0d0
c4  3.0  1.0  0.0 0.0d0 0.0d0 1.0d0
c4  4.0  1.0  0.0 0.0d0 0.0d0 1.0d0
c4  5.0  1.0  0.0 0.0d0 0.0d0 1.0d0
c4  0.0  2.0  0.0 0.0d0 0.0d0 1.0d0
c4  1.0  2.0  0.0 0.0d0 0.0d0 1.0d0
c4  2.0  2.0  0.0 0.0d0 0.0d0 1.0d0
c4  3.0  2.0  0.0 0.0d0 0.0d0 1.0d0
c4  4.0  2.0  0.0 0.0d0 0.0d0 1.0d0
c4  5.0  2.0  0.0 0.0d0 0.0d0 1.0d0
c4  0.0  3.0  0.0 0.0d0 0.0d0 1.0d0
c4  1.0  3.0  0.0 0.0d0 0.0d0 1.0d0
c4  2.0  3.0  0.0 0.0d0 0.0d0 1.0d0
c4  3.0  3.0  0.0 0.0d0 0.0d0 1.0d0
c4  4.0  3.0  0.0 0.0d0 0.0d0 1.0d0
c4  5.0  3.0  0.0 0.0d0 0.0d0 1.0d0
c4  0.0  4.0  0.0 0.0d0 0.0d0 1.0d0
c4  1.0  4.0  0.0 0.0d0 0.0d0 1.0d0
c4  2.0  4.0  0.0 0.0d0 0.0d0 1.0d0
c4  3.0  4.0  0.0 0.0d0 0.0d0 1.0d0
c4  4.0  4.0  0.0 0.0d0 0.0d0 1.0d0
c4  5.0  4.0  0.0 0.0d0 0.0d0 1.0d0
c4  0.0  5.0  0.0 0.0d0 0.0d0 1.0d0
c4  1.0  5.0  0.0 0.0d0 0.0d0 1.0d0
c4  2.0  5.0  0.0 0.0d0 0.0d0 1.0d0
c4  3.0  5.0  0.0 0.0d0 0.0d0 1.0d0
c4  4.0  5.0  0.0 0.0d0 0.0d0 1.0d0
c4  5.0  5.0  0.0 0.0d0 0.0d0 1.0d0
#END
